2
0.4240731795676836
[[1, 2, 9, 10, 14, 15, 16, 17, 18, 19, 20, 21, 22, 23, 26, 30, 34, 35, 36, 40, 42, 44, 45, 48, 51, 52, 54, 55, 60, 62, 63], [0, 64, 65, 66, 3, 4, 5, 6, 7, 8, 11, 12, 13, 24, 25, 27, 28, 29, 31, 32, 33, 37, 38, 39, 41, 43, 46, 47, 49, 50, 53, 56, 57, 58, 59, 61]]
[[1, 0]
 [0, 1]]

3
0.5314877430262042
[[2, 34, 35, 40, 9, 10, 44, 45, 14, 15, 16, 17, 18, 19, 51, 20, 52, 22, 23, 60, 30, 62], [0, 3, 4, 5, 6, 38, 39, 8, 42, 46, 48, 50, 21, 53, 54, 55, 56, 25, 26, 27, 63], [64, 32, 65, 1, 33, 66, 36, 37, 7, 41, 11, 43, 12, 13, 47, 49, 24, 57, 58, 59, 28, 29, 61, 31]]
[[1, 0, 0]
 [0, 1, 0]
 [0, 0, 1]]

4
0.5931650766815605
[[64, 0, 1, 33, 65, 3, 4, 5, 7, 8, 41, 11, 12, 24, 57, 28, 61, 31], [32, 66, 36, 37, 43, 45, 13, 14, 47, 15, 16, 22, 23, 25, 29, 30, 62], [34, 2, 35, 40, 9, 42, 10, 44, 48, 17, 19, 51, 20, 21, 54, 55, 26, 60, 63], [38, 6, 39, 46, 49, 18, 50, 52, 53, 56, 58, 27, 59]]
[[1, 0, 0, 0]
 [0, 1, 0, 0]
 [0, 0, 1, 0]
 [0, 0, 0, 1]]

5
0.6169242845067018
[[0, 3, 4, 5, 6, 38, 39, 8, 46, 50, 53, 56, 27], [35, 40, 9, 10, 44, 45, 14, 15, 16, 17, 18, 19, 52, 30], [64, 65, 33, 1, 7, 41, 11, 12, 24, 57, 28, 61, 31], [32, 66, 36, 37, 43, 13, 47, 51, 22, 23, 25, 29, 62], [34, 2, 42, 48, 49, 20, 21, 54, 55, 58, 26, 59, 60, 63]]
[[1, 0, 0, 0, 0]
 [0, 1, 0, 0, 0]
 [0, 0, 1, 0, 0]
 [0, 0, 0, 1, 0]
 [0, 0, 0, 0, 1]]

6
0.6379664291752205
[[1, 36, 22, 23, 24, 13, 29, 62, 47], [0, 65, 3, 4, 5, 6, 7, 39, 8, 49, 56, 58, 59, 28, 61, 31], [34, 2, 35, 40, 9, 10, 44, 48, 17, 19, 20, 21, 54, 55, 60, 63], [16, 18, 50, 52, 53, 38, 27, 45, 14, 46, 30, 15], [64, 33, 37, 57, 41, 11, 43, 12], [32, 25, 66, 42, 26, 51]]
[[1, 0, 0, 0, 0, 1]
 [0, 1, 0, 0, 1, 0]
 [0, 0, 1, 0, 0, 0]
 [0, 0, 0, 1, 0, 0]
 [1, 0, 0, 0, 1, 0]
 [0, 0, 1, 0, 0, 1]]

7
0.6666767298635428
[[17, 35, 19, 22, 23, 40, 9, 10, 44, 62], [32, 49, 1, 43, 12, 29, 47], [2, 66, 51, 36, 20, 13], [0, 37, 6, 56, 8, 24, 57, 58, 11, 28, 61, 31], [64, 33, 65, 3, 4, 5, 7, 39, 41, 59], [16, 50, 18, 52, 53, 38, 27, 45, 14, 46, 30, 15], [48, 34, 21, 54, 55, 25, 42, 26, 60, 63]]
[[1, 0, 1, 0, 0, 0, 0]
 [0, 1, 1, 1, 0, 0, 0]
 [0, 1, 1, 0, 0, 0, 1]
 [0, 1, 0, 0, 1, 0, 0]
 [0, 0, 0, 1, 1, 0, 0]
 [0, 0, 0, 0, 0, 1, 0]
 [0, 0, 0, 0, 0, 0, 1]]

8
0.6833413838908349
[[25, 9, 20, 54], [65, 33, 3, 4, 5, 39, 7, 41, 59, 31], [1, 36, 37, 22, 23, 24, 43, 62], [0, 32, 6, 8, 56, 57, 58, 11, 28, 61], [16, 18, 50, 52, 53, 38, 27, 45, 46, 14, 30, 15], [17, 19, 35, 51, 40, 42, 26, 44], [48, 2, 34, 21, 55, 10, 60, 63], [64, 49, 66, 12, 29, 13, 47]]
[[0, 0, 0, 0, 0, 1, 1, 0]
 [0, 1, 0, 1, 0, 0, 0, 0]
 [0, 0, 1, 0, 0, 1, 0, 1]
 [0, 1, 0, 0, 0, 0, 0, 1]
 [0, 0, 0, 0, 1, 0, 0, 0]
 [1, 0, 0, 0, 0, 1, 0, 0]
 [1, 0, 0, 0, 0, 0, 1, 0]
 [1, 0, 1, 1, 0, 0, 0, 1]]
 
